%YAML:1.0
---
camera_matrix: !!opencv-matrix
   rows: 3
   cols: 3
   dt: d
   data: [1620.69117489988, 0., 650.445593825912, 0., 1635.96812742348,
      389.129875552999, 0., 0., 1. ]
distortion_coefficients: !!opencv-matrix
   rows: 5
   cols: 1
   dt: d
   data: [-0.232170361908750,1.54503091764939,0.00199325650021040,0.000527801435218122,0.000]
