<?xml version="1.0"?>
<opencv_storage>
<H type_id="opencv-matrix">
  <rows>3</rows>
  <cols>3</cols>
  <dt>d</dt>
  <data>
    -2.7158457655960852e-02 -9.1123541380103057e-01
    2.5403059470733342e+02 9.0264210805572440e-02
    -2.6661614436445733e+00 7.3090337376366381e+02
    1.3784806820179297e-04 -4.1641987076929754e-03 1.</data></H>
</opencv_storage>
