<?xml version="1.0"?>
<opencv_storage>
<tx>-3.4825728220434726e-02</tx>
<ty>5.8566874624137588e+00</ty>
<tz>1.3739825439284337e+00</tz>
<pitch>-9.4450759589758889e+01</pitch>
<heading>8.6956176184783995e-01</heading>
<roll>1.8816429201953431e+18</roll>
<error_mean>4.3393736289136706e+00</error_mean>
</opencv_storage>
